# GSI ColorTable
#Begin table data:
1 20% 15 0 255 51
2 20% 15 0 255 51
3 20% 15 0 255 51
4 20% 15 0 255 51
5 20% 15 0 255 51
6 20% 15 0 255 51
7 20% 15 0 255 51
8 20% 15 0 255 51
9 20% 15 0 255 51
10 20% 15 0 255 51
11 20% 15 0 255 51
12 20% 15 0 255 51
13 20% 15 0 255 51
14 20% 15 0 255 51
15 20% 15 0 255 51
16 20% 15 0 255 51
17 20% 15 0 255 51
18 20% 15 0 255 51
19 20% 15 0 255 51
20 20% 15 0 255 51
21 20% 15 0 255 51
22 20% 15 0 255 51
23 20% 15 0 255 51
24 20% 15 0 255 51
25 20% 15 0 255 51
26 20% 15 0 255 51
27 20% 15 0 255 51
28 20% 15 0 255 51
29 20% 15 0 255 51
30 20% 15 0 255 51
31 20% 15 0 255 51
32 20% 15 0 255 51
33 20% 15 0 255 51
34 20% 15 0 255 51
35 20% 15 0 255 51
36 20% 15 0 255 51
37 20% 15 0 255 51
38 20% 15 0 255 51
39 20% 15 0 255 51
40 20% 15 0 255 51
41 20% 15 0 255 51
42 20% 15 0 255 51
43 20% 15 0 255 51
44 20% 15 0 255 51
45 20% 15 0 255 51
46 20% 15 0 255 51
47 20% 15 0 255 51
48 20% 15 0 255 51
49 20% 15 0 255 51
50 20% 15 0 255 51
51 20% 15 0 255 51
52 20% 15 0 255 51
53 20% 15 0 255 51
54 20% 15 0 255 51
55 20% 15 0 255 51
56 20% 15 0 255 51
57 20% 15 0 255 51
58 20% 15 0 255 51
59 20% 15 0 255 51
60 20% 15 0 255 51
61 20% 15 0 255 51
62 20% 15 0 255 51
63 20% 15 0 255 51
64 20% 15 0 255 51
65 20% 15 0 255 51
66 20% 15 0 255 51
67 20% 15 0 255 51
68 20% 15 0 255 51
69 20% 15 0 255 51
70 20% 15 0 255 51
71 20% 15 0 255 51
72 20% 15 0 255 51
73 20% 15 0 255 51
74 20% 15 0 255 51
75 20% 15 0 255 51
76 20% 15 0 255 51
77 20% 15 0 255 51
78 20% 15 0 255 51
79 20% 15 0 255 51
80 20% 15 0 255 51
81 20% 15 0 255 51
82 20% 15 0 255 51
83 20% 15 0 255 51
84 20% 15 0 255 51
85 20% 15 0 255 51
86 20% 15 0 255 51
87 20% 15 0 255 51
88 20% 15 0 255 51
89 20% 15 0 255 51
90 20% 15 0 255 51
91 20% 15 0 255 51
92 20% 15 0 255 51
93 20% 15 0 255 51
94 20% 15 0 255 51
95 20% 15 0 255 51
96 20% 15 0 255 51
97 20% 15 0 255 51
98 20% 15 0 255 51
99 20% 15 0 255 51
100 20% 15 0 255 51
101 20% 15 0 255 51
102 20% 15 0 255 51
103 20% 15 0 255 51
104 20% 15 0 255 51
105 20% 15 0 255 51
106 20% 15 0 255 51
107 20% 15 0 255 51
108 20% 15 0 255 51
109 20% 15 0 255 51
110 20% 15 0 255 51
111 20% 15 0 255 51
112 20% 15 0 255 51
113 20% 15 0 255 51
114 20% 15 0 255 51
115 20% 15 0 255 51
116 20% 15 0 255 51
117 20% 15 0 255 51
118 20% 15 0 255 51
119 20% 15 0 255 51
120 20% 15 0 255 51
121 20% 15 0 255 51
122 20% 15 0 255 51
123 20% 15 0 255 51
124 20% 15 0 255 51
125 20% 15 0 255 51
126 20% 15 0 255 51
127 20% 15 0 255 51
128 20% 15 0 255 51
129 20% 15 0 255 51
130 20% 15 0 255 51
131 20% 15 0 255 51
132 20% 15 0 255 51
133 20% 15 0 255 51
134 20% 15 0 255 51
135 20% 15 0 255 51
136 20% 15 0 255 51
137 20% 15 0 255 51
138 20% 15 0 255 51
139 20% 15 0 255 51
140 20% 15 0 255 51
141 20% 15 0 255 51
142 20% 15 0 255 51
143 20% 15 0 255 51
144 20% 15 0 255 51
145 20% 15 0 255 51
146 20% 15 0 255 51
147 20% 15 0 255 51
148 20% 15 0 255 51
149 20% 15 0 255 51
150 20% 15 0 255 51
151 20% 15 0 255 51
152 20% 15 0 255 51
153 20% 15 0 255 51
154 20% 15 0 255 51
155 20% 15 0 255 51
156 20% 15 0 255 51
157 20% 15 0 255 51
158 20% 15 0 255 51
159 20% 15 0 255 51
160 20% 15 0 255 51
161 20% 15 0 255 51
162 20% 15 0 255 51
163 20% 15 0 255 51
164 20% 15 0 255 51
165 20% 15 0 255 51
166 20% 15 0 255 51
167 20% 15 0 255 51
168 20% 15 0 255 51
169 20% 15 0 255 51
170 20% 15 0 255 51
171 20% 15 0 255 51
172 20% 15 0 255 51
173 20% 15 0 255 51
174 20% 15 0 255 51
175 20% 15 0 255 51
176 20% 15 0 255 51
177 20% 15 0 255 51
178 20% 15 0 255 51
179 20% 15 0 255 51
180 20% 15 0 255 51
181 20% 15 0 255 51
182 20% 15 0 255 51
183 20% 15 0 255 51
184 20% 15 0 255 51
185 20% 15 0 255 51
186 20% 15 0 255 51
187 20% 15 0 255 51
188 20% 15 0 255 51
189 20% 15 0 255 51
190 20% 15 0 255 51
191 20% 15 0 255 51
192 20% 15 0 255 51
193 20% 15 0 255 51
194 20% 15 0 255 51
195 20% 15 0 255 51
196 20% 15 0 255 51
197 20% 15 0 255 51
198 20% 15 0 255 51
199 20% 15 0 255 51
200 40% 0 240 255 51
201 40% 0 240 255 51
202 40% 0 240 255 51
203 40% 0 240 255 51
204 40% 0 240 255 51
205 40% 0 240 255 51
206 40% 0 240 255 51
207 40% 0 240 255 51
208 40% 0 240 255 51
209 40% 0 240 255 51
210 40% 0 240 255 51
211 40% 0 240 255 51
212 40% 0 240 255 51
213 40% 0 240 255 51
214 40% 0 240 255 51
215 40% 0 240 255 51
216 40% 0 240 255 51
217 40% 0 240 255 51
218 40% 0 240 255 51
219 40% 0 240 255 51
220 40% 0 240 255 51
221 40% 0 240 255 51
222 40% 0 240 255 51
223 40% 0 240 255 51
224 40% 0 240 255 51
225 40% 0 240 255 51
226 40% 0 240 255 51
227 40% 0 240 255 51
228 40% 0 240 255 51
229 40% 0 240 255 51
230 40% 0 240 255 51
231 40% 0 240 255 51
232 40% 0 240 255 51
233 40% 0 240 255 51
234 40% 0 240 255 51
235 40% 0 240 255 51
236 40% 0 240 255 51
237 40% 0 240 255 51
238 40% 0 240 255 51
239 40% 0 240 255 51
240 40% 0 240 255 51
241 40% 0 240 255 51
242 40% 0 240 255 51
243 40% 0 240 255 51
244 40% 0 240 255 51
245 40% 0 240 255 51
246 40% 0 240 255 51
247 40% 0 240 255 51
248 40% 0 240 255 51
249 40% 0 240 255 51
250 40% 0 240 255 51
251 40% 0 240 255 51
252 40% 0 240 255 51
253 40% 0 240 255 51
254 40% 0 240 255 51
255 40% 0 240 255 51
256 40% 0 240 255 51
257 40% 0 240 255 51
258 40% 0 240 255 51
259 40% 0 240 255 51
260 40% 0 240 255 51
261 40% 0 240 255 51
262 40% 0 240 255 51
263 40% 0 240 255 51
264 40% 0 240 255 51
265 40% 0 240 255 51
266 40% 0 240 255 51
267 40% 0 240 255 51
268 40% 0 240 255 51
269 40% 0 240 255 51
270 40% 0 240 255 51
271 40% 0 240 255 51
272 40% 0 240 255 51
273 40% 0 240 255 51
274 40% 0 240 255 51
275 40% 0 240 255 51
276 40% 0 240 255 51
277 40% 0 240 255 51
278 40% 0 240 255 51
279 40% 0 240 255 51
280 40% 0 240 255 51
281 40% 0 240 255 51
282 40% 0 240 255 51
283 40% 0 240 255 51
284 40% 0 240 255 51
285 40% 0 240 255 51
286 40% 0 240 255 51
287 40% 0 240 255 51
288 40% 0 240 255 51
289 40% 0 240 255 51
290 40% 0 240 255 51
291 40% 0 240 255 51
292 40% 0 240 255 51
293 40% 0 240 255 51
294 40% 0 240 255 51
295 40% 0 240 255 51
296 40% 0 240 255 51
297 40% 0 240 255 51
298 40% 0 240 255 51
299 40% 0 240 255 51
300 40% 0 240 255 51
301 40% 0 240 255 51
302 40% 0 240 255 51
303 40% 0 240 255 51
304 40% 0 240 255 51
305 40% 0 240 255 51
306 40% 0 240 255 51
307 40% 0 240 255 51
308 40% 0 240 255 51
309 40% 0 240 255 51
310 40% 0 240 255 51
311 40% 0 240 255 51
312 40% 0 240 255 51
313 40% 0 240 255 51
314 40% 0 240 255 51
315 40% 0 240 255 51
316 40% 0 240 255 51
317 40% 0 240 255 51
318 40% 0 240 255 51
319 40% 0 240 255 51
320 40% 0 240 255 51
321 40% 0 240 255 51
322 40% 0 240 255 51
323 40% 0 240 255 51
324 40% 0 240 255 51
325 40% 0 240 255 51
326 40% 0 240 255 51
327 40% 0 240 255 51
328 40% 0 240 255 51
329 40% 0 240 255 51
330 40% 0 240 255 51
331 40% 0 240 255 51
332 40% 0 240 255 51
333 40% 0 240 255 51
334 40% 0 240 255 51
335 40% 0 240 255 51
336 40% 0 240 255 51
337 40% 0 240 255 51
338 40% 0 240 255 51
339 40% 0 240 255 51
340 40% 0 240 255 51
341 40% 0 240 255 51
342 40% 0 240 255 51
343 40% 0 240 255 51
344 40% 0 240 255 51
345 40% 0 240 255 51
346 40% 0 240 255 51
347 40% 0 240 255 51
348 40% 0 240 255 51
349 40% 0 240 255 51
350 40% 0 240 255 51
351 40% 0 240 255 51
352 40% 0 240 255 51
353 40% 0 240 255 51
354 40% 0 240 255 51
355 40% 0 240 255 51
356 40% 0 240 255 51
357 40% 0 240 255 51
358 40% 0 240 255 51
359 40% 0 240 255 51
360 40% 0 240 255 51
361 40% 0 240 255 51
362 40% 0 240 255 51
363 40% 0 240 255 51
364 40% 0 240 255 51
365 40% 0 240 255 51
366 40% 0 240 255 51
367 40% 0 240 255 51
368 40% 0 240 255 51
369 40% 0 240 255 51
370 40% 0 240 255 51
371 40% 0 240 255 51
372 40% 0 240 255 51
373 40% 0 240 255 51
374 40% 0 240 255 51
375 40% 0 240 255 51
376 40% 0 240 255 51
377 40% 0 240 255 51
378 40% 0 240 255 51
379 40% 0 240 255 51
380 40% 0 240 255 51
381 40% 0 240 255 51
382 40% 0 240 255 51
383 40% 0 240 255 51
384 40% 0 240 255 51
385 40% 0 240 255 51
386 40% 0 240 255 51
387 40% 0 240 255 51
388 40% 0 240 255 51
389 40% 0 240 255 51
390 40% 0 240 255 51
391 40% 0 240 255 51
392 40% 0 240 255 51
393 40% 0 240 255 51
394 40% 0 240 255 51
395 40% 0 240 255 51
396 40% 0 240 255 51
397 40% 0 240 255 51
398 40% 0 240 255 51
399 40% 0 240 255 51
400 60% 5 128 0 51
401 60% 5 128 0 51
402 60% 5 128 0 51
403 60% 5 128 0 51
404 60% 5 128 0 51
405 60% 5 128 0 51
406 60% 5 128 0 51
407 60% 5 128 0 51
408 60% 5 128 0 51
409 60% 5 128 0 51
410 60% 5 128 0 51
411 60% 5 128 0 51
412 60% 5 128 0 51
413 60% 5 128 0 51
414 60% 5 128 0 51
415 60% 5 128 0 51
416 60% 5 128 0 51
417 60% 5 128 0 51
418 60% 5 128 0 51
419 60% 5 128 0 51
420 60% 5 128 0 51
421 60% 5 128 0 51
422 60% 5 128 0 51
423 60% 5 128 0 51
424 60% 5 128 0 51
425 60% 5 128 0 51
426 60% 5 128 0 51
427 60% 5 128 0 51
428 60% 5 128 0 51
429 60% 5 128 0 51
430 60% 5 128 0 51
431 60% 5 128 0 51
432 60% 5 128 0 51
433 60% 5 128 0 51
434 60% 5 128 0 51
435 60% 5 128 0 51
436 60% 5 128 0 51
437 60% 5 128 0 51
438 60% 5 128 0 51
439 60% 5 128 0 51
440 60% 5 128 0 51
441 60% 5 128 0 51
442 60% 5 128 0 51
443 60% 5 128 0 51
444 60% 5 128 0 51
445 60% 5 128 0 51
446 60% 5 128 0 51
447 60% 5 128 0 51
448 60% 5 128 0 51
449 60% 5 128 0 51
450 60% 5 128 0 51
451 60% 5 128 0 51
452 60% 5 128 0 51
453 60% 5 128 0 51
454 60% 5 128 0 51
455 60% 5 128 0 51
456 60% 5 128 0 51
457 60% 5 128 0 51
458 60% 5 128 0 51
459 60% 5 128 0 51
460 60% 5 128 0 51
461 60% 5 128 0 51
462 60% 5 128 0 51
463 60% 5 128 0 51
464 60% 5 128 0 51
465 60% 5 128 0 51
466 60% 5 128 0 51
467 60% 5 128 0 51
468 60% 5 128 0 51
469 60% 5 128 0 51
470 60% 5 128 0 51
471 60% 5 128 0 51
472 60% 5 128 0 51
473 60% 5 128 0 51
474 60% 5 128 0 51
475 60% 5 128 0 51
476 60% 5 128 0 51
477 60% 5 128 0 51
478 60% 5 128 0 51
479 60% 5 128 0 51
480 60% 5 128 0 51
481 60% 5 128 0 51
482 60% 5 128 0 51
483 60% 5 128 0 51
484 60% 5 128 0 51
485 60% 5 128 0 51
486 60% 5 128 0 51
487 60% 5 128 0 51
488 60% 5 128 0 51
489 60% 5 128 0 51
490 60% 5 128 0 51
491 60% 5 128 0 51
492 60% 5 128 0 51
493 60% 5 128 0 51
494 60% 5 128 0 51
495 60% 5 128 0 51
496 60% 5 128 0 51
497 60% 5 128 0 51
498 60% 5 128 0 51
499 60% 5 128 0 51
500 60% 5 128 0 51
501 60% 5 128 0 51
502 60% 5 128 0 51
503 60% 5 128 0 51
504 60% 5 128 0 51
505 60% 5 128 0 51
506 60% 5 128 0 51
507 60% 5 128 0 51
508 60% 5 128 0 51
509 60% 5 128 0 51
510 60% 5 128 0 51
511 60% 5 128 0 51
512 60% 5 128 0 51
513 60% 5 128 0 51
514 60% 5 128 0 51
515 60% 5 128 0 51
516 60% 5 128 0 51
517 60% 5 128 0 51
518 60% 5 128 0 51
519 60% 5 128 0 51
520 60% 5 128 0 51
521 60% 5 128 0 51
522 60% 5 128 0 51
523 60% 5 128 0 51
524 60% 5 128 0 51
525 60% 5 128 0 51
526 60% 5 128 0 51
527 60% 5 128 0 51
528 60% 5 128 0 51
529 60% 5 128 0 51
530 60% 5 128 0 51
531 60% 5 128 0 51
532 60% 5 128 0 51
533 60% 5 128 0 51
534 60% 5 128 0 51
535 60% 5 128 0 51
536 60% 5 128 0 51
537 60% 5 128 0 51
538 60% 5 128 0 51
539 60% 5 128 0 51
540 60% 5 128 0 51
541 60% 5 128 0 51
542 60% 5 128 0 51
543 60% 5 128 0 51
544 60% 5 128 0 51
545 60% 5 128 0 51
546 60% 5 128 0 51
547 60% 5 128 0 51
548 60% 5 128 0 51
549 60% 5 128 0 51
550 60% 5 128 0 51
551 60% 5 128 0 51
552 60% 5 128 0 51
553 60% 5 128 0 51
554 60% 5 128 0 51
555 60% 5 128 0 51
556 60% 5 128 0 51
557 60% 5 128 0 51
558 60% 5 128 0 51
559 60% 5 128 0 51
560 60% 5 128 0 51
561 60% 5 128 0 51
562 60% 5 128 0 51
563 60% 5 128 0 51
564 60% 5 128 0 51
565 60% 5 128 0 51
566 60% 5 128 0 51
567 60% 5 128 0 51
568 60% 5 128 0 51
569 60% 5 128 0 51
570 60% 5 128 0 51
571 60% 5 128 0 51
572 60% 5 128 0 51
573 60% 5 128 0 51
574 60% 5 128 0 51
575 60% 5 128 0 51
576 60% 5 128 0 51
577 60% 5 128 0 51
578 60% 5 128 0 51
579 60% 5 128 0 51
580 60% 5 128 0 51
581 60% 5 128 0 51
582 60% 5 128 0 51
583 60% 5 128 0 51
584 60% 5 128 0 51
585 60% 5 128 0 51
586 60% 5 128 0 51
587 60% 5 128 0 51
588 60% 5 128 0 51
589 60% 5 128 0 51
590 60% 5 128 0 51
591 60% 5 128 0 51
592 60% 5 128 0 51
593 60% 5 128 0 51
594 60% 5 128 0 51
595 60% 5 128 0 51
596 60% 5 128 0 51
597 60% 5 128 0 51
598 60% 5 128 0 51
599 60% 5 128 0 51
600 80% 255 255 0 51
601 80% 255 255 0 51
602 80% 255 255 0 51
603 80% 255 255 0 51
604 80% 255 255 0 51
605 80% 255 255 0 51
606 80% 255 255 0 51
607 80% 255 255 0 51
608 80% 255 255 0 51
609 80% 255 255 0 51
610 80% 255 255 0 51
611 80% 255 255 0 51
612 80% 255 255 0 51
613 80% 255 255 0 51
614 80% 255 255 0 51
615 80% 255 255 0 51
616 80% 255 255 0 51
617 80% 255 255 0 51
618 80% 255 255 0 51
619 80% 255 255 0 51
620 80% 255 255 0 51
621 80% 255 255 0 51
622 80% 255 255 0 51
623 80% 255 255 0 51
624 80% 255 255 0 51
625 80% 255 255 0 51
626 80% 255 255 0 51
627 80% 255 255 0 51
628 80% 255 255 0 51
629 80% 255 255 0 51
630 80% 255 255 0 51
631 80% 255 255 0 51
632 80% 255 255 0 51
633 80% 255 255 0 51
634 80% 255 255 0 51
635 80% 255 255 0 51
636 80% 255 255 0 51
637 80% 255 255 0 51
638 80% 255 255 0 51
639 80% 255 255 0 51
640 80% 255 255 0 51
641 80% 255 255 0 51
642 80% 255 255 0 51
643 80% 255 255 0 51
644 80% 255 255 0 51
645 80% 255 255 0 51
646 80% 255 255 0 51
647 80% 255 255 0 51
648 80% 255 255 0 51
649 80% 255 255 0 51
650 80% 255 255 0 51
651 80% 255 255 0 51
652 80% 255 255 0 51
653 80% 255 255 0 51
654 80% 255 255 0 51
655 80% 255 255 0 51
656 80% 255 255 0 51
657 80% 255 255 0 51
658 80% 255 255 0 51
659 80% 255 255 0 51
660 80% 255 255 0 51
661 80% 255 255 0 51
662 80% 255 255 0 51
663 80% 255 255 0 51
664 80% 255 255 0 51
665 80% 255 255 0 51
666 80% 255 255 0 51
667 80% 255 255 0 51
668 80% 255 255 0 51
669 80% 255 255 0 51
670 80% 255 255 0 51
671 80% 255 255 0 51
672 80% 255 255 0 51
673 80% 255 255 0 51
674 80% 255 255 0 51
675 80% 255 255 0 51
676 80% 255 255 0 51
677 80% 255 255 0 51
678 80% 255 255 0 51
679 80% 255 255 0 51
680 80% 255 255 0 51
681 80% 255 255 0 51
682 80% 255 255 0 51
683 80% 255 255 0 51
684 80% 255 255 0 51
685 80% 255 255 0 51
686 80% 255 255 0 51
687 80% 255 255 0 51
688 80% 255 255 0 51
689 80% 255 255 0 51
690 80% 255 255 0 51
691 80% 255 255 0 51
692 80% 255 255 0 51
693 80% 255 255 0 51
694 80% 255 255 0 51
695 80% 255 255 0 51
696 80% 255 255 0 51
697 80% 255 255 0 51
698 80% 255 255 0 51
699 80% 255 255 0 51
700 80% 255 255 0 51
701 80% 255 255 0 51
702 80% 255 255 0 51
703 80% 255 255 0 51
704 80% 255 255 0 51
705 80% 255 255 0 51
706 80% 255 255 0 51
707 80% 255 255 0 51
708 80% 255 255 0 51
709 80% 255 255 0 51
710 80% 255 255 0 51
711 80% 255 255 0 51
712 80% 255 255 0 51
713 80% 255 255 0 51
714 80% 255 255 0 51
715 80% 255 255 0 51
716 80% 255 255 0 51
717 80% 255 255 0 51
718 80% 255 255 0 51
719 80% 255 255 0 51
720 80% 255 255 0 51
721 80% 255 255 0 51
722 80% 255 255 0 51
723 80% 255 255 0 51
724 80% 255 255 0 51
725 80% 255 255 0 51
726 80% 255 255 0 51
727 80% 255 255 0 51
728 80% 255 255 0 51
729 80% 255 255 0 51
730 80% 255 255 0 51
731 80% 255 255 0 51
732 80% 255 255 0 51
733 80% 255 255 0 51
734 80% 255 255 0 51
735 80% 255 255 0 51
736 80% 255 255 0 51
737 80% 255 255 0 51
738 80% 255 255 0 51
739 80% 255 255 0 51
740 80% 255 255 0 51
741 80% 255 255 0 51
742 80% 255 255 0 51
743 80% 255 255 0 51
744 80% 255 255 0 51
745 80% 255 255 0 51
746 80% 255 255 0 51
747 80% 255 255 0 51
748 80% 255 255 0 51
749 80% 255 255 0 51
750 80% 255 255 0 51
751 80% 255 255 0 51
752 80% 255 255 0 51
753 80% 255 255 0 51
754 80% 255 255 0 51
755 80% 255 255 0 51
756 80% 255 255 0 51
757 80% 255 255 0 51
758 80% 255 255 0 51
759 80% 255 255 0 51
760 80% 255 255 0 51
761 80% 255 255 0 51
762 80% 255 255 0 51
763 80% 255 255 0 51
764 80% 255 255 0 51
765 80% 255 255 0 51
766 80% 255 255 0 51
767 80% 255 255 0 51
768 80% 255 255 0 51
769 80% 255 255 0 51
770 80% 255 255 0 51
771 80% 255 255 0 51
772 80% 255 255 0 51
773 80% 255 255 0 51
774 80% 255 255 0 51
775 80% 255 255 0 51
776 80% 255 255 0 51
777 80% 255 255 0 51
778 80% 255 255 0 51
779 80% 255 255 0 51
780 80% 255 255 0 51
781 80% 255 255 0 51
782 80% 255 255 0 51
783 80% 255 255 0 51
784 80% 255 255 0 51
785 80% 255 255 0 51
786 80% 255 255 0 51
787 80% 255 255 0 51
788 80% 255 255 0 51
789 80% 255 255 0 51
790 80% 255 255 0 51
791 80% 255 255 0 51
792 80% 255 255 0 51
793 80% 255 255 0 51
794 80% 255 255 0 51
795 80% 255 255 0 51
796 80% 255 255 0 51
797 80% 255 255 0 51
798 80% 255 255 0 51
799 80% 255 255 0 51
800 80% 255 255 0 51
801 80% 255 255 0 51
802 80% 255 255 0 51
803 80% 255 255 0 51
804 80% 255 255 0 51
805 80% 255 255 0 51
806 80% 255 255 0 51
807 80% 255 255 0 51
808 80% 255 255 0 51
809 80% 255 255 0 51
810 80% 255 255 0 51
811 80% 255 255 0 51
812 80% 255 255 0 51
813 80% 255 255 0 51
814 80% 255 255 0 51
815 80% 255 255 0 51
816 80% 255 255 0 51
817 80% 255 255 0 51
818 80% 255 255 0 51
819 80% 255 255 0 51
820 80% 255 255 0 51
821 80% 255 255 0 51
822 80% 255 255 0 51
823 80% 255 255 0 51
824 80% 255 255 0 51
825 80% 255 255 0 51
826 80% 255 255 0 51
827 80% 255 255 0 51
828 80% 255 255 0 51
829 80% 255 255 0 51
830 80% 255 255 0 51
831 80% 255 255 0 51
832 80% 255 255 0 51
833 80% 255 255 0 51
834 80% 255 255 0 51
835 80% 255 255 0 51
836 80% 255 255 0 51
837 80% 255 255 0 51
838 80% 255 255 0 51
839 80% 255 255 0 51
840 80% 255 255 0 51
841 80% 255 255 0 51
842 80% 255 255 0 51
843 80% 255 255 0 51
844 80% 255 255 0 51
845 80% 255 255 0 51
846 80% 255 255 0 51
847 80% 255 255 0 51
848 80% 255 255 0 51
849 80% 255 255 0 51
850 80% 255 255 0 51
851 80% 255 255 0 51
852 80% 255 255 0 51
853 80% 255 255 0 51
854 80% 255 255 0 51
855 80% 255 255 0 51
856 80% 255 255 0 51
857 80% 255 255 0 51
858 80% 255 255 0 51
859 80% 255 255 0 51
860 80% 255 255 0 51
861 80% 255 255 0 51
862 80% 255 255 0 51
863 80% 255 255 0 51
864 80% 255 255 0 51
865 80% 255 255 0 51
866 80% 255 255 0 51
867 80% 255 255 0 51
868 80% 255 255 0 51
869 80% 255 255 0 51
870 80% 255 255 0 51
871 80% 255 255 0 51
872 80% 255 255 0 51
873 80% 255 255 0 51
874 80% 255 255 0 51
875 80% 255 255 0 51
876 80% 255 255 0 51
877 80% 255 255 0 51
878 80% 255 255 0 51
879 80% 255 255 0 51
880 80% 255 255 0 51
881 80% 255 255 0 51
882 80% 255 255 0 51
883 80% 255 255 0 51
884 80% 255 255 0 51
885 80% 255 255 0 51
886 80% 255 255 0 51
887 80% 255 255 0 51
888 80% 255 255 0 51
889 80% 255 255 0 51
890 80% 255 255 0 51
891 80% 255 255 0 51
892 80% 255 255 0 51
893 80% 255 255 0 51
894 80% 255 255 0 51
895 80% 255 255 0 51
896 80% 255 255 0 51
897 80% 255 255 0 51
898 80% 255 255 0 51
899 80% 255 255 0 51
900 80% 255 255 0 51
901 80% 255 255 0 51
902 80% 255 255 0 51
903 80% 255 255 0 51
904 80% 255 255 0 51
905 80% 255 255 0 51
906 80% 255 255 0 51
907 80% 255 255 0 51
908 80% 255 255 0 51
909 80% 255 255 0 51
910 80% 255 255 0 51
911 80% 255 255 0 51
912 80% 255 255 0 51
913 80% 255 255 0 51
914 80% 255 255 0 51
915 80% 255 255 0 51
916 80% 255 255 0 51
917 80% 255 255 0 51
918 80% 255 255 0 51
919 80% 255 255 0 51
920 80% 255 255 0 51
921 80% 255 255 0 51
922 80% 255 255 0 51
923 80% 255 255 0 51
924 80% 255 255 0 51
925 80% 255 255 0 51
926 80% 255 255 0 51
927 80% 255 255 0 51
928 80% 255 255 0 51
929 80% 255 255 0 51
930 80% 255 255 0 51
931 80% 255 255 0 51
932 80% 255 255 0 51
933 80% 255 255 0 51
934 80% 255 255 0 51
935 80% 255 255 0 51
936 80% 255 255 0 51
937 80% 255 255 0 51
938 80% 255 255 0 51
939 80% 255 255 0 51
940 80% 255 255 0 51
941 80% 255 255 0 51
942 80% 255 255 0 51
943 80% 255 255 0 51
944 80% 255 255 0 51
945 80% 255 255 0 51
946 80% 255 255 0 51
947 80% 255 255 0 51
948 80% 255 255 0 51
949 80% 255 255 0 51
950 95% 255 0 0 51
951 95% 255 0 0 51
952 95% 255 0 0 51
953 95% 255 0 0 51
954 95% 255 0 0 51
955 95% 255 0 0 51
956 95% 255 0 0 51
957 95% 255 0 0 51
958 95% 255 0 0 51
959 95% 255 0 0 51
960 95% 255 0 0 51
961 95% 255 0 0 51
962 95% 255 0 0 51
963 95% 255 0 0 51
964 95% 255 0 0 51
965 95% 255 0 0 51
966 95% 255 0 0 51
967 95% 255 0 0 51
968 95% 255 0 0 51
969 95% 255 0 0 51
970 95% 255 0 0 51
971 95% 255 0 0 51
972 95% 255 0 0 51
973 95% 255 0 0 51
974 95% 255 0 0 51
975 95% 255 0 0 51
976 95% 255 0 0 51
977 95% 255 0 0 51
978 95% 255 0 0 51
979 95% 255 0 0 51
980 95% 255 0 0 51
981 95% 255 0 0 51
982 95% 255 0 0 51
983 95% 255 0 0 51
984 95% 255 0 0 51
985 95% 255 0 0 51
986 95% 255 0 0 51
987 95% 255 0 0 51
988 95% 255 0 0 51
989 95% 255 0 0 51
990 95% 255 0 0 51
991 95% 255 0 0 51
992 95% 255 0 0 51
993 95% 255 0 0 51
994 95% 255 0 0 51
995 95% 255 0 0 51
996 95% 255 0 0 51
997 95% 255 0 0 51
998 95% 255 0 0 51
999 95% 255 0 0 51
1000 95% 255 0 0 51
1001 95% 255 0 0 51
1002 95% 255 0 0 51
1003 95% 255 0 0 51
1004 95% 255 0 0 51
1005 95% 255 0 0 51
1006 95% 255 0 0 51
1007 95% 255 0 0 51
1008 95% 255 0 0 51
1009 95% 255 0 0 51
1010 95% 255 0 0 51
1011 95% 255 0 0 51
1012 95% 255 0 0 51
1013 95% 255 0 0 51
1014 95% 255 0 0 51
1015 95% 255 0 0 51
1016 95% 255 0 0 51
1017 95% 255 0 0 51
1018 95% 255 0 0 51
1019 95% 255 0 0 51
1020 95% 255 0 0 51
1021 95% 255 0 0 51
1022 95% 255 0 0 51
1023 95% 255 0 0 51
1024 95% 255 0 0 51
1025 95% 255 0 0 51
1026 95% 255 0 0 51
1027 95% 255 0 0 51
1028 95% 255 0 0 51
1029 95% 255 0 0 51
1030 95% 255 0 0 51
1031 95% 255 0 0 51
1032 95% 255 0 0 51
1033 95% 255 0 0 51
1034 95% 255 0 0 51
1035 95% 255 0 0 51
1036 95% 255 0 0 51
1037 95% 255 0 0 51
1038 95% 255 0 0 51
1039 95% 255 0 0 51
1040 95% 255 0 0 51
1041 95% 255 0 0 51
1042 95% 255 0 0 51
1043 95% 255 0 0 51
1044 95% 255 0 0 51
1045 95% 255 0 0 51
1046 95% 255 0 0 51
1047 95% 255 0 0 51
1048 95% 255 0 0 51
1049 95% 255 0 0 51
1050 105% 255 0 255 51
1051 105% 255 0 255 51
1052 105% 255 0 255 51
1053 105% 255 0 255 51
1054 105% 255 0 255 51
1055 105% 255 0 255 51
1056 105% 255 0 255 51
1057 105% 255 0 255 51
1058 105% 255 0 255 51
1059 105% 255 0 255 51
1060 105% 255 0 255 51
